[gd_scene load_steps=4 format=2]

[ext_resource path="res://Assets/Decoratives/MainDecoratives/Decoratives.tscn" type="PackedScene" id=1]
[ext_resource path="res://Assets/Levels/FinalCutscene/SmokeEffect.tscn" type="PackedScene" id=2]
[ext_resource path="res://Assets/Decoratives/GuguAnimated/GuguMesh.tscn" type="PackedScene" id=3]

[node name="FinalCutscene" type="Spatial" index="0"]

_sections_unfolded = [ "Transform" ]

[node name="Decoratives" parent="." index="0" instance=ExtResource( 1 )]

[node name="DirectionalLight" parent="Decoratives" index="1"]

light_cull_mask = -1

[node name="SmokeEffect6" parent="Decoratives/GnomeWhiteSitting" index="2" instance=ExtResource( 2 )]

transform = Transform( 0.963902, 0.249909, -0.0918664, -0.109795, 0.0587443, -0.992217, -0.242567, 0.966486, 0.0840626, -1.78814e-07, 0, 7.62939e-06 )
_sections_unfolded = [ "Draw Passes", "Drawing", "Geometry", "LOD", "Process Material", "Time", "Transform" ]

[node name="SmokeEffect5" parent="Decoratives/GnomeWhiteSitting2" index="2" instance=ExtResource( 2 )]

transform = Transform( 0.751486, 0.530157, -0.392686, -0.530157, 0.13099, -0.83772, -0.392686, 0.83772, 0.379504, 0, -4.76837e-07, -3.8147e-06 )
_sections_unfolded = [ "Draw Passes", "Drawing", "Geometry", "LOD", "Process Material", "Time", "Transform" ]

[node name="SmokeEffect4" parent="Decoratives/GnomeWhiteSitting3" index="2" instance=ExtResource( 2 )]

transform = Transform( 0.399431, -0.713235, -0.57598, -0.601237, 0.270492, -0.751896, 0.692076, 0.646631, -0.320781, 9.53674e-07, -2.38419e-07, -2.86102e-06 )
_sections_unfolded = [ "Draw Passes", "Drawing", "Geometry", "LOD", "Process Material", "Time", "Transform" ]

[node name="SmokeEffect3" parent="Decoratives/GnomeWhiteSitting4" index="2" instance=ExtResource( 2 )]

transform = Transform( 0.939948, -0.318441, -0.122865, -0.109795, 0.0587443, -0.992217, 0.32318, 0.946122, 0.0202532, -1.66893e-06, 0, 1.90735e-06 )
_sections_unfolded = [ "Draw Passes", "Drawing", "Geometry", "LOD", "Process Material", "Time", "Transform" ]

[node name="SmokeEffect2" parent="Decoratives/GnomeWhiteSitting5" index="2" instance=ExtResource( 2 )]

transform = Transform( 0.993858, -0.00747177, -0.110419, -0.109795, 0.0587443, -0.992217, 0.0139, 0.998246, 0.0575631, 0, 0, 0 )
_sections_unfolded = [ "Draw Passes", "Drawing", "Geometry", "LOD", "Process Material", "Time", "Transform" ]

[node name="Camera" type="Camera" parent="." index="1"]

transform = Transform( 1, 0, 0, 0, 1, 0, 0, 0, 1, 1.59859, 5.5833, 7.19364 )
keep_aspect = 1
cull_mask = 1048575
environment = null
h_offset = 0.0
v_offset = 0.0
doppler_tracking = 0
projection = 0
current = false
fov = 70.0
size = 1.0
near = 0.05
far = 100.0

[node name="GuguMesh" parent="." index="2" instance=ExtResource( 3 )]

transform = Transform( -0.380357, 0, 0.527094, 0, 0.65, 0, -0.527094, 0, -0.380357, 2.50934, 0, -6.36459 )
_sections_unfolded = [ "Transform" ]

[node name="SmokeEffect" parent="GuguMesh" index="2" instance=ExtResource( 2 )]

transform = Transform( 1.24702, 0.896993, -0.0848847, -0.168916, 0.0903758, -1.52649, -0.885025, 1.24664, 0.171741, 1.86265e-09, 0, 0.0147233 )
_sections_unfolded = [ "Draw Passes", "Drawing", "Geometry", "LOD", "Process Material", "Time", "Transform" ]


[editable path="Decoratives"]
