[gd_scene load_steps=15 format=2]

[ext_resource path="res://Assets/Levels/Level4/Level4.gd" type="Script" id=1]
[ext_resource path="res://Assets/UI/UI.tscn" type="PackedScene" id=2]
[ext_resource path="res://Assets/Timers/Timers.tscn" type="PackedScene" id=3]
[ext_resource path="res://Assets/Ambient/Ambient.tscn" type="PackedScene" id=4]
[ext_resource path="res://Assets/Camera/BasePivot.tscn" type="PackedScene" id=5]
[ext_resource path="res://Assets/Gnomos/Gnomo.tscn" type="PackedScene" id=6]
[ext_resource path="res://Assets/Gugu/Gugu.tscn" type="PackedScene" id=7]
[ext_resource path="res://Assets/Gugu/PlayerSpawn.tscn" type="PackedScene" id=8]
[ext_resource path="res://Assets/Ponteiros/PonteiroBase/Ponteiro.tscn" type="PackedScene" id=9]
[ext_resource path="res://Assets/Ponteiros/PonteiroBussola/PonteiroBussola.tscn" type="PackedScene" id=10]
[ext_resource path="res://Assets/Ponteiros/PonteiroMeias/PonteiroMeias.tscn" type="PackedScene" id=11]
[ext_resource path="res://Assets/Ponteiros/PonteiroMinutos/PonteiroMinutos.tscn" type="PackedScene" id=12]
[ext_resource path="res://Assets/Ponteiros/PonteiroPendulo/PonteiroPendulo.tscn" type="PackedScene" id=13]

[sub_resource type="Animation" id=1]

resource_name = "Cutscene"
length = 12.0
loop = false
step = 0.1
tracks/0/type = "method"
tracks/0/path = NodePath("Camera")
tracks/0/interp = 1
tracks/0/loop_wrap = true
tracks/0/imported = false
tracks/0/enabled = true
tracks/0/keys = {
"times": PoolRealArray( 0, 10.9 ),
"transitions": PoolRealArray( 1, 1 ),
"values": [ {
"args": [  ],
"method": "make_current"
}, {
"args": [  ],
"method": "clear_current"
} ]
}
tracks/1/type = "method"
tracks/1/path = NodePath("..")
tracks/1/interp = 1
tracks/1/loop_wrap = true
tracks/1/imported = false
tracks/1/enabled = true
tracks/1/keys = {
"times": PoolRealArray( 10.9 ),
"transitions": PoolRealArray( 1 ),
"values": [ {
"args": [  ],
"method": "on_cutscene_ended"
} ]
}
tracks/2/type = "method"
tracks/2/path = NodePath("../UI")
tracks/2/interp = 1
tracks/2/loop_wrap = true
tracks/2/imported = false
tracks/2/enabled = true
tracks/2/keys = {
"times": PoolRealArray( 2.7 ),
"transitions": PoolRealArray( 1 ),
"values": [ {
"args": [ "Gnomo do Relógio de Pêndulo: Veja como eu trabalho duro para manter esse Movimento Harmônico Simples!" ],
"method": "set_subtitle"
} ]
}
tracks/3/type = "value"
tracks/3/path = NodePath("Camera:transform")
tracks/3/interp = 1
tracks/3/loop_wrap = true
tracks/3/imported = false
tracks/3/enabled = true
tracks/3/keys = {
"times": PoolRealArray( 0, 1, 2, 7.3, 7.5 ),
"transitions": PoolRealArray( 1, -2, 1, -1.5, 1 ),
"update": 0,
"values": [ Transform( 1, 0, 0, 0, 0.948605, 0.316464, 0, -0.316464, 0.948605, 0, 7.8285, 16.0178 ), Transform( 1, 0, 0, 0, 0.948605, 0.316464, 0, -0.316464, 0.948605, 0, 7.8285, 16.0178 ), Transform( -1, 1.03117e-07, -3.09095e-07, 0, 0.948604, 0.316464, 3.25841e-07, 0.316464, -0.948604, 0, 9.6708, 18.8546 ), Transform( -1, 1.03117e-07, -3.09095e-07, 0, 0.948604, 0.316464, 3.25841e-07, 0.316464, -0.948604, 0, 9.6708, 18.8546 ), Transform( 0.767695, 0.310006, -0.560839, 0, 0.875196, 0.483768, 0.640816, -0.371386, 0.671883, -10.4398, 6.78589, 12.2039 ) ]
}
tracks/4/type = "value"
tracks/4/path = NodePath("../Gugu:visible")
tracks/4/interp = 1
tracks/4/loop_wrap = true
tracks/4/imported = false
tracks/4/enabled = true
tracks/4/keys = {
"times": PoolRealArray( 2.7, 10.9 ),
"transitions": PoolRealArray( 1, 1 ),
"update": 1,
"values": [ false, true ]
}
tracks/5/type = "value"
tracks/5/path = NodePath("../Ponteiros/PonteiroPendulo:transform")
tracks/5/interp = 1
tracks/5/loop_wrap = true
tracks/5/imported = false
tracks/5/enabled = true
tracks/5/keys = {
"times": PoolRealArray( 8, 9, 10 ),
"transitions": PoolRealArray( -6, -6, 1 ),
"update": 0,
"values": [ Transform( -0.866026, 0, 0.5, 0, 1, 0, -0.5, 0, -0.866026, 0, 0, 0 ), Transform( -0.866025, 0, -0.5, 0, 1, 0, 0.5, 0, -0.866025, 0, 0, 0 ), Transform( -0.866026, 0, 0.5, 0, 1, 0, -0.5, 0, -0.866026, 0, 0, 0 ) ]
}

[node name="Level4" type="Spatial"]

script = ExtResource( 1 )

[node name="UI" parent="." index="0" instance=ExtResource( 2 )]

[node name="Timers" parent="." index="1" instance=ExtResource( 3 )]

[node name="Cutscene" type="Node" parent="." index="2"]

[node name="CutsceneAnim" type="AnimationPlayer" parent="Cutscene" index="0"]

root_node = NodePath("..")
autoplay = ""
playback_process_mode = 1
playback_default_blend_time = 0.0
playback_speed = 1.0
anims/Cutscene = SubResource( 1 )
blend_times = [  ]

[node name="Camera" type="Camera" parent="Cutscene" index="1"]

transform = Transform( 0.767695, 0.310006, -0.560839, 0, 0.875196, 0.483768, 0.640816, -0.371386, 0.671883, -10.4398, 6.78589, 12.2039 )
keep_aspect = 1
cull_mask = 1048575
environment = null
h_offset = 0.0
v_offset = 0.0
doppler_tracking = 0
projection = 0
current = false
fov = 70.0
size = 1.0
near = 0.05
far = 100.0
_sections_unfolded = [ "Transform" ]

[node name="Ambient" parent="." index="3" instance=ExtResource( 4 )]

[node name="BasePivot" parent="." index="4" instance=ExtResource( 5 )]

[node name="Gnomo" parent="." index="5" instance=ExtResource( 6 )]

transform = Transform( 1, 0, 0, 0, 0.000345306, -1, 0, 1, 0.000345306, -1.32992, 6.14664, 24.5124 )

[node name="Gugu" parent="." index="6" instance=ExtResource( 7 )]

transform = Transform( 1, 0, 0, 0, 1, 0, 0, 0, 1, 0, 0, 9.5 )
_sections_unfolded = [ "Transform", "Visibility" ]

[node name="PlayerSpawn" parent="." index="7" instance=ExtResource( 8 )]

[node name="Ponteiros" type="Spatial" parent="." index="8"]

editor/display_folded = true
transform = Transform( 1, 0, 0, 0, 1, 0, 0, 0, 1, 0, 1, 0 )
_sections_unfolded = [ "Transform" ]

[node name="Ponteiro" parent="Ponteiros" index="0" instance=ExtResource( 9 )]

[node name="PonteiroBussola" parent="Ponteiros" index="1" instance=ExtResource( 10 )]

[node name="PonteiroMeias" parent="Ponteiros" index="2" instance=ExtResource( 11 )]

[node name="PonteiroMinutos" parent="Ponteiros" index="3" instance=ExtResource( 12 )]

[node name="PonteiroPendulo" parent="Ponteiros" index="4" instance=ExtResource( 13 )]


