[gd_scene load_steps=7 format=2]

[ext_resource path="res://Assets/Menus/LevelsMenu/LevelsMenu.gd" type="Script" id=1]
[ext_resource path="res://Assets/Theme/ui_buttons_theme.tres" type="Theme" id=2]
[ext_resource path="res://Assets/Menus/LevelsMenu/Button.gd" type="Script" id=3]
[ext_resource path="res://Assets/Decoratives/MainDecoratives/Decoratives.tscn" type="PackedScene" id=4]

[sub_resource type="Animation" id=1]

resource_name = "Idle"
length = 40.0
loop = true
step = 0.1
tracks/0/type = "value"
tracks/0/path = NodePath("Camera:transform")
tracks/0/interp = 1
tracks/0/loop_wrap = true
tracks/0/imported = false
tracks/0/enabled = true
tracks/0/keys = {
"times": PoolRealArray( 0, 20 ),
"transitions": PoolRealArray( 1, 1 ),
"update": 0,
"values": [ Transform( 0.993074, -0.0694923, 0.0947326, 0, 0.806317, 0.591484, -0.117488, -0.587387, 0.800733, 15.6621, 18.0925, 25.049 ), Transform( 0.974313, 0.1332, -0.181579, 0, 0.806317, 0.591484, 0.225196, -0.576291, 0.785605, -11.9072, 18.0925, 25.049 ) ]
}

[sub_resource type="Animation" id=2]

resource_name = "Idle2"
length = 145.0
loop = true
step = 0.1
tracks/0/type = "value"
tracks/0/path = NodePath("Camera:transform")
tracks/0/interp = 1
tracks/0/loop_wrap = true
tracks/0/imported = false
tracks/0/enabled = true
tracks/0/keys = {
"times": PoolRealArray( 0, 15, 29.9, 59.5, 80, 100, 116, 125 ),
"transitions": PoolRealArray( 1, 1, 1, 1, 1, 1, 1, 1 ),
"update": 0,
"values": [ Transform( 0.981525, 0.0603166, -0.181579, 0, 0.949012, 0.31524, 0.191335, -0.309416, 0.931479, 25.0982, 5.96398, 37.9687 ), Transform( 0.981525, 0.0603166, -0.181579, 0, 0.949012, 0.31524, 0.191335, -0.309416, 0.931479, 36.5688, 5.96398, 12.3525 ), Transform( 0.0538751, -0.221984, 0.973561, 0, 0.974977, 0.222307, -0.998548, -0.0119768, 0.0525269, 51.8529, 21.6623, 12.3525 ), Transform( -0.428583, 0.200855, -0.880894, 0, 0.974977, 0.222307, 0.903503, 0.0952767, -0.417858, -29.9184, 17.5737, -13.1632 ), Transform( -0.051897, -0.122599, -0.991098, -0.018754, 0.99238, -0.121775, 0.998476, 0.0122672, -0.0538009, -47.1947, 9.68406, 3.77593 ), Transform( 0.288592, 0.561771, -0.775324, 0, 0.809778, 0.586736, 0.957452, -0.169327, 0.233695, -47.1947, 22.0623, 7.36072 ), Transform( 0.23976, 0.917422, -0.317572, -0.160624, 0.360091, 0.918986, 0.957452, -0.169327, 0.233695, -8.83136, 25.6434, 7.36072 ), Transform( 0.941186, -0.232824, 0.244871, 0, 0.724708, 0.689056, -0.337889, -0.64853, 0.682085, -16.1833, 7.20096, 20.0048 ) ]
}

[node name="LevelsMenu" type="MarginContainer" index="0"]

anchor_left = 0.0
anchor_top = 0.0
anchor_right = 1.0
anchor_bottom = 1.0
rect_pivot_offset = Vector2( 0, 0 )
rect_clip_content = false
mouse_filter = 0
mouse_default_cursor_shape = 0
size_flags_horizontal = 1
size_flags_vertical = 1
custom_constants/margin_right = 20
custom_constants/margin_top = 20
custom_constants/margin_left = 20
custom_constants/margin_bottom = 20
script = ExtResource( 1 )
_sections_unfolded = [ "custom_constants" ]

[node name="HBoxContainer" type="HBoxContainer" parent="." index="0"]

anchor_left = 0.0
anchor_top = 0.0
anchor_right = 0.0
anchor_bottom = 0.0
margin_left = 20.0
margin_top = 20.0
margin_right = 1260.0
margin_bottom = 700.0
rect_pivot_offset = Vector2( 0, 0 )
rect_clip_content = false
mouse_filter = 1
mouse_default_cursor_shape = 0
size_flags_horizontal = 1
size_flags_vertical = 1
alignment = 0

[node name="Buttons" type="VBoxContainer" parent="HBoxContainer" index="0"]

anchor_left = 0.0
anchor_top = 0.0
anchor_right = 0.0
anchor_bottom = 0.0
margin_right = 434.0
margin_bottom = 680.0
rect_pivot_offset = Vector2( 0, 0 )
rect_clip_content = false
mouse_filter = 1
mouse_default_cursor_shape = 0
size_flags_horizontal = 3
size_flags_vertical = 1
theme = ExtResource( 2 )
alignment = 1
_sections_unfolded = [ "Mouse", "Size Flags", "Theme", "custom_constants" ]

[node name="Button" type="Button" parent="HBoxContainer/Buttons" index="0"]

anchor_left = 0.0
anchor_top = 0.0
anchor_right = 0.0
anchor_bottom = 0.0
margin_top = 219.0
margin_right = 434.0
margin_bottom = 264.0
rect_pivot_offset = Vector2( 0, 0 )
rect_clip_content = false
focus_mode = 2
mouse_filter = 0
mouse_default_cursor_shape = 0
size_flags_horizontal = 1
size_flags_vertical = 1
toggle_mode = false
enabled_focus_mode = 2
shortcut = null
group = null
text = "Level 1: Gnomo do Minuto"
flat = false
align = 0
script = ExtResource( 3 )
LEVEL = 1

[node name="Button2" type="Button" parent="HBoxContainer/Buttons" index="1"]

anchor_left = 0.0
anchor_top = 0.0
anchor_right = 0.0
anchor_bottom = 0.0
margin_top = 268.0
margin_right = 434.0
margin_bottom = 313.0
rect_pivot_offset = Vector2( 0, 0 )
rect_clip_content = false
focus_mode = 2
mouse_filter = 0
mouse_default_cursor_shape = 0
size_flags_horizontal = 1
size_flags_vertical = 1
toggle_mode = false
enabled_focus_mode = 2
shortcut = null
group = null
text = "Level 2: Gnomo da Bússola"
flat = false
align = 0
script = ExtResource( 3 )
LEVEL = 2

[node name="Button3" type="Button" parent="HBoxContainer/Buttons" index="2"]

anchor_left = 0.0
anchor_top = 0.0
anchor_right = 0.0
anchor_bottom = 0.0
margin_top = 317.0
margin_right = 434.0
margin_bottom = 362.0
rect_pivot_offset = Vector2( 0, 0 )
rect_clip_content = false
focus_mode = 2
mouse_filter = 0
mouse_default_cursor_shape = 0
size_flags_horizontal = 1
size_flags_vertical = 1
toggle_mode = false
enabled_focus_mode = 2
shortcut = null
group = null
text = "Level 3: Gnomo da Cotação das Meias"
flat = false
align = 0
script = ExtResource( 3 )
LEVEL = 3

[node name="Button4" type="Button" parent="HBoxContainer/Buttons" index="3"]

anchor_left = 0.0
anchor_top = 0.0
anchor_right = 0.0
anchor_bottom = 0.0
margin_top = 366.0
margin_right = 434.0
margin_bottom = 411.0
rect_pivot_offset = Vector2( 0, 0 )
rect_clip_content = false
focus_mode = 2
mouse_filter = 0
mouse_default_cursor_shape = 0
size_flags_horizontal = 1
size_flags_vertical = 1
toggle_mode = false
enabled_focus_mode = 2
shortcut = null
group = null
text = "Level 4: Gnomo do Relógio de Pêndulo"
flat = false
align = 0
script = ExtResource( 3 )
LEVEL = 4

[node name="Button5" type="Button" parent="HBoxContainer/Buttons" index="4"]

anchor_left = 0.0
anchor_top = 0.0
anchor_right = 0.0
anchor_bottom = 0.0
margin_top = 415.0
margin_right = 434.0
margin_bottom = 460.0
rect_pivot_offset = Vector2( 0, 0 )
rect_clip_content = false
focus_mode = 2
mouse_filter = 0
mouse_default_cursor_shape = 0
size_flags_horizontal = 1
size_flags_vertical = 1
toggle_mode = false
enabled_focus_mode = 2
shortcut = null
group = null
text = "Level 5: Gnomo do Ponteiro Seguidor"
flat = false
align = 0
script = ExtResource( 3 )
LEVEL = 5

[node name="Spacer" type="Control" parent="HBoxContainer" index="1"]

anchor_left = 0.0
anchor_top = 0.0
anchor_right = 0.0
anchor_bottom = 0.0
margin_left = 438.0
margin_right = 837.0
margin_bottom = 680.0
rect_pivot_offset = Vector2( 0, 0 )
rect_clip_content = false
mouse_filter = 0
mouse_default_cursor_shape = 0
size_flags_horizontal = 3
size_flags_vertical = 1
_sections_unfolded = [ "Size Flags" ]

[node name="BackBtn" type="Button" parent="HBoxContainer" index="2"]

anchor_left = 0.0
anchor_top = 0.0
anchor_right = 0.0
anchor_bottom = 0.0
margin_left = 841.0
margin_top = 317.0
margin_right = 1240.0
margin_bottom = 362.0
rect_pivot_offset = Vector2( 0, 0 )
rect_clip_content = false
focus_mode = 2
mouse_filter = 0
mouse_default_cursor_shape = 0
size_flags_horizontal = 3
size_flags_vertical = 4
theme = ExtResource( 2 )
toggle_mode = false
enabled_focus_mode = 2
shortcut = null
group = null
text = "Back"
flat = false
align = 1
_sections_unfolded = [ "Size Flags", "Theme" ]

[node name="Cena" type="Spatial" parent="." index="1"]

[node name="Decoratives" parent="Cena" index="0" instance=ExtResource( 4 )]

[node name="DirectionalLight" parent="Cena/Decoratives" index="1"]

light_cull_mask = -1

[node name="GnomeWhiteSitting" parent="Cena/Decoratives" index="9"]

visible = false

[node name="GnomeWhiteSitting2" parent="Cena/Decoratives" index="10"]

visible = false

[node name="GnomeWhiteSitting3" parent="Cena/Decoratives" index="11"]

visible = false

[node name="GnomeWhiteSitting4" parent="Cena/Decoratives" index="12"]

visible = false

[node name="GnomeWhiteSitting5" parent="Cena/Decoratives" index="13"]

visible = false

[node name="Camera" type="Camera" parent="Cena" index="1"]

transform = Transform( 0.941186, -0.232824, 0.244871, 0, 0.724708, 0.689056, -0.337889, -0.64853, 0.682085, -16.1833, 7.20096, 20.0048 )
keep_aspect = 1
cull_mask = 1048575
environment = null
h_offset = 0.0
v_offset = 0.0
doppler_tracking = 0
projection = 0
current = false
fov = 70.0
size = 1.0
near = 0.05
far = 500.0
_sections_unfolded = [ "Transform" ]

[node name="Animator" type="AnimationPlayer" parent="Cena" index="2"]

root_node = NodePath("..")
autoplay = "Idle2"
playback_process_mode = 1
playback_default_blend_time = 0.0
playback_speed = 1.0
anims/Idle = SubResource( 1 )
anims/Idle2 = SubResource( 2 )
blend_times = [  ]

[connection signal="button_up" from="HBoxContainer/BackBtn" to="." method="_on_BackBtn_button_up"]


[editable path="Cena/Decoratives"]
