[gd_scene load_steps=15 format=2]

[ext_resource path="res://Assets/Levels/Level3/Level3.gd" type="Script" id=1]
[ext_resource path="res://Assets/UI/UI.tscn" type="PackedScene" id=2]
[ext_resource path="res://Assets/UI/PauseUI/PauseUI.tscn" type="PackedScene" id=3]
[ext_resource path="res://Assets/Timers/Timers.tscn" type="PackedScene" id=4]
[ext_resource path="res://Assets/Decoratives/MainDecoratives/Decoratives.tscn" type="PackedScene" id=5]
[ext_resource path="res://Assets/Ambient/Ambient.tscn" type="PackedScene" id=6]
[ext_resource path="res://Assets/Camera/BasePivot.tscn" type="PackedScene" id=7]
[ext_resource path="res://Assets/Gugu/Gugu.tscn" type="PackedScene" id=8]
[ext_resource path="res://Assets/Gugu/PlayerSpawn.tscn" type="PackedScene" id=9]
[ext_resource path="res://Assets/Ponteiros/PonteiroBase/Ponteiro.tscn" type="PackedScene" id=10]
[ext_resource path="res://Assets/Ponteiros/PonteiroBussola/PonteiroBussola.tscn" type="PackedScene" id=11]
[ext_resource path="res://Assets/Ponteiros/PonteiroMinutos/PonteiroMinutos.tscn" type="PackedScene" id=12]
[ext_resource path="res://Assets/Ponteiros/PonteiroMeias/PonteiroMeias.tscn" type="PackedScene" id=13]

[sub_resource type="Animation" id=1]

resource_name = "Cutscene"
length = 46.0
loop = false
step = 0.1
tracks/0/type = "method"
tracks/0/path = NodePath("../UI")
tracks/0/interp = 1
tracks/0/loop_wrap = true
tracks/0/imported = false
tracks/0/enabled = true
tracks/0/keys = {
"times": PoolRealArray( 0, 2, 4, 6, 8, 11, 12.5, 15, 18, 26, 31.5, 37.5 ),
"transitions": PoolRealArray( 1, 1, 1, 1, 1, 1, 1, 1, 1, 1, 1, 1 ),
"values": [ {
"args": [ "Subiu!" ],
"method": "set_subtitle"
}, {
"args": [ "Caiu!" ],
"method": "set_subtitle"
}, {
"args": [ "Subiu!" ],
"method": "set_subtitle"
}, {
"args": [ "Decolou!" ],
"method": "set_subtitle"
}, {
"args": [ "Perfurou a estratosfera!!!" ],
"method": "set_subtitle"
}, {
"args": [ "...." ],
"method": "set_subtitle"
}, {
"args": [ "Caiu de novo......." ],
"method": "set_subtitle"
}, {
"args": [ "O que? Vingança?" ],
"method": "set_subtitle"
}, {
"args": [ "Não, eu só quero acompanhar a cotação das meias no mercado negro dos gnomos." ],
"method": "set_subtitle"
}, {
"args": [ "Sim, aquelas que roubamos de humanos." ],
"method": "set_subtitle"
}, {
"args": [ "Mais alguma pergunta?" ],
"method": "set_subtitle"
}, {
"args": [ "DEIXA EU TRABALHAR!!!!" ],
"method": "set_subtitle"
} ]
}
tracks/1/type = "method"
tracks/1/path = NodePath("Camera")
tracks/1/interp = 1
tracks/1/loop_wrap = true
tracks/1/imported = false
tracks/1/enabled = true
tracks/1/keys = {
"times": PoolRealArray( 0, 45.9 ),
"transitions": PoolRealArray( 1, 1 ),
"values": [ {
"args": [  ],
"method": "make_current"
}, {
"args": [  ],
"method": "clear_current"
} ]
}
tracks/2/type = "value"
tracks/2/path = NodePath("Camera:transform")
tracks/2/interp = 1
tracks/2/loop_wrap = true
tracks/2/imported = false
tracks/2/enabled = true
tracks/2/keys = {
"times": PoolRealArray( 0, 2, 4, 6, 8, 11, 12.5, 15, 26, 31.5, 37.5, 39.5, 40 ),
"transitions": PoolRealArray( 0, 0, 0, 0, 0, 0, 0, 0, 0, 0, 1, 1, 1 ),
"update": 0,
"values": [ Transform( 0.731221, 0.119048, -0.671672, 0, 0.984653, 0.174521, 0.682141, -0.127613, 0.719999, -17.9878, 7.42002, 12.4682 ), Transform( 0.21145, 0.170575, -0.962389, 0, 0.984653, 0.174521, 0.977389, -0.0369025, 0.208205, -19.1271, 7.42002, 10.1303 ), Transform( 0.731221, 0.119048, -0.671672, 0, 0.984653, 0.174521, 0.682141, -0.127613, 0.719999, -17.9878, 7.42002, 12.4682 ), Transform( 0.21145, 0.170575, -0.962389, 0, 0.984653, 0.174521, 0.977389, -0.0369025, 0.208205, -19.1271, 7.42002, 10.1303 ), Transform( 0.731221, 0.119048, -0.671672, 0, 0.984653, 0.174521, 0.682141, -0.127613, 0.719999, -17.9878, 7.42002, 12.4682 ), Transform( 0.355816, -0.295227, -0.886699, 0, 0.948792, -0.315901, 0.934556, 0.112402, 0.337595, -3.57468, 2.62475, 11.6909 ), Transform( 0.731221, 0.119048, -0.671672, 0, 0.984653, 0.174521, 0.682141, -0.127613, 0.719999, -17.9878, 7.42002, 12.4682 ), Transform( 0.21145, 0.170575, -0.962389, 0, 0.984653, 0.174521, 0.977389, -0.0369025, 0.208205, -19.1271, 7.42002, 10.1303 ), Transform( 0.21145, 0.170575, -0.962389, 0, 0.984653, 0.174521, 0.977389, -0.0369025, 0.208205, -19.1271, 7.42002, 10.1303 ), Transform( -0.569143, 0.143498, -0.80962, 0, 0.984653, 0.174521, 0.822239, 0.0993272, -0.560408, -18.5549, 6.95596, 8.50997 ), Transform( -0.998749, 0.010054, 0.048994, 0, 0.979587, -0.20102, -0.050015, -0.200768, -0.978361, -17.027, 5.67525, 8.22202 ), Transform( -0.998749, 0.010054, 0.048994, 0, 0.979587, -0.20102, -0.050015, -0.200768, -0.978361, -17.027, 5.67525, 8.22202 ), Transform( 0.307017, 0.247206, -0.919037, 0, 0.965675, 0.259751, 0.951704, -0.0797481, 0.296479, -13.9858, 5.85941, 5.52882 ) ]
}
tracks/3/type = "value"
tracks/3/path = NodePath("../Ponteiros/PonteiroMeias:transform")
tracks/3/interp = 1
tracks/3/loop_wrap = true
tracks/3/imported = false
tracks/3/enabled = true
tracks/3/keys = {
"times": PoolRealArray( 0, 41, 42.5, 44 ),
"transitions": PoolRealArray( -4, -4, -4, 1 ),
"update": 0,
"values": [ Transform( 0.335206, 0, -0.942145, 0, 1, 0, 0.942145, 0, 0.335206, 0, 0, 0 ), Transform( 0.335206, 0, -0.942145, 0, 1, 0, 0.942145, 0, 0.335206, 0, 0, 0 ), Transform( -0.708565, 0, -0.705645, 0, 1, 0, 0.705645, 0, -0.708565, 0, 0, 0 ), Transform( 0.173935, 0, -0.984757, 0, 1, 0, 0.984757, 0, 0.173935, 0, 0, 0 ) ]
}
tracks/4/type = "method"
tracks/4/path = NodePath("..")
tracks/4/interp = 1
tracks/4/loop_wrap = true
tracks/4/imported = false
tracks/4/enabled = true
tracks/4/keys = {
"times": PoolRealArray( 45.9 ),
"transitions": PoolRealArray( 1 ),
"values": [ {
"args": [  ],
"method": "on_cutscene_ended"
} ]
}

[node name="Level3" type="Spatial" index="0"]

script = ExtResource( 1 )
LEVEL = 3

[node name="UI" parent="." index="0" instance=ExtResource( 2 )]

[node name="PauseUI" parent="." index="1" instance=ExtResource( 3 )]

[node name="Timers" parent="." index="2" instance=ExtResource( 4 )]

[node name="Decoratives" parent="." index="3" instance=ExtResource( 5 )]

editor/display_folded = true

[node name="DirectionalLight" parent="Decoratives" index="1"]

light_cull_mask = -1

[node name="GnomeWhiteSitting4" parent="Decoratives" index="12"]

visible = false

[node name="GnomeWhiteSitting5" parent="Decoratives" index="13"]

visible = false

[node name="Cutscene" type="Node" parent="." index="4"]

[node name="CutsceneAnim" type="AnimationPlayer" parent="Cutscene" index="0"]

root_node = NodePath("..")
autoplay = ""
playback_process_mode = 1
playback_default_blend_time = 0.0
playback_speed = 1.0
anims/Cutscene = SubResource( 1 )
blend_times = [  ]

[node name="Camera" type="Camera" parent="Cutscene" index="1"]

transform = Transform( 0.307017, 0.247206, -0.919037, 0, 0.965675, 0.259751, 0.951704, -0.0797481, 0.296479, -13.9858, 5.85941, 5.52882 )
keep_aspect = 1
cull_mask = 1048575
environment = null
h_offset = 0.0
v_offset = 0.0
doppler_tracking = 0
projection = 0
current = false
fov = 70.0
size = 1.0
near = 0.05
far = 250.0
_sections_unfolded = [ "Transform" ]

[node name="Ambient" parent="." index="5" instance=ExtResource( 6 )]

visible = false

[node name="BasePivot" parent="." index="6" instance=ExtResource( 7 )]

[node name="Gugu" parent="." index="7" instance=ExtResource( 8 )]

transform = Transform( 0.206051, 0, -0.978541, 0, 1, 0, 0.978541, 0, 0.206051, 0, 0, 9.5 )
_sections_unfolded = [ "Transform" ]

[node name="PlayerSpawn" parent="." index="8" instance=ExtResource( 9 )]

[node name="Ponteiros" type="Spatial" parent="." index="9"]

editor/display_folded = true
transform = Transform( 1, 0, 0, 0, 1, 0, 0, 0, 1, 0, 1, 0 )
_sections_unfolded = [ "Transform" ]

[node name="Ponteiro" parent="Ponteiros" index="0" instance=ExtResource( 10 )]

[node name="PonteiroBussola" parent="Ponteiros" index="1" instance=ExtResource( 11 )]

[node name="PonteiroMinutos" parent="Ponteiros" index="2" instance=ExtResource( 12 )]

[node name="PonteiroMeias" parent="Ponteiros" index="3" instance=ExtResource( 13 )]

transform = Transform( 0.173935, 0, -0.984757, 0, 1, 0, 0.984757, 0, 0.173935, 0, 0, 0 )


[editable path="Decoratives"]
