[gd_scene load_steps=15 format=2]

[ext_resource path="res://Assets/Levels/Level3/Level3.gd" type="Script" id=1]
[ext_resource path="res://Assets/UI/UI.tscn" type="PackedScene" id=2]
[ext_resource path="res://Assets/UI/PauseUI/PauseUI.tscn" type="PackedScene" id=3]
[ext_resource path="res://Assets/Timers/Timers.tscn" type="PackedScene" id=4]
[ext_resource path="res://Assets/Ambient/Ambient.tscn" type="PackedScene" id=5]
[ext_resource path="res://Assets/Camera/BasePivot.tscn" type="PackedScene" id=6]
[ext_resource path="res://Assets/Gnomos/Gnomo.tscn" type="PackedScene" id=7]
[ext_resource path="res://Assets/Gugu/Gugu.tscn" type="PackedScene" id=8]
[ext_resource path="res://Assets/Gugu/PlayerSpawn.tscn" type="PackedScene" id=9]
[ext_resource path="res://Assets/Ponteiros/PonteiroBase/Ponteiro.tscn" type="PackedScene" id=10]
[ext_resource path="res://Assets/Ponteiros/PonteiroBussola/PonteiroBussola.tscn" type="PackedScene" id=11]
[ext_resource path="res://Assets/Ponteiros/PonteiroMinutos/PonteiroMinutos.tscn" type="PackedScene" id=12]
[ext_resource path="res://Assets/Ponteiros/PonteiroMeias/PonteiroMeias.tscn" type="PackedScene" id=13]

[sub_resource type="Animation" id=1]

resource_name = "Cutscene"
length = 15.0
loop = false
step = 0.1
tracks/0/type = "method"
tracks/0/path = NodePath("Camera")
tracks/0/interp = 1
tracks/0/loop_wrap = true
tracks/0/imported = false
tracks/0/enabled = true
tracks/0/keys = {
"times": PoolRealArray( 0, 14.9 ),
"transitions": PoolRealArray( 1, 1 ),
"values": [ {
"args": [  ],
"method": "make_current"
}, {
"args": [  ],
"method": "clear_current"
} ]
}
tracks/1/type = "value"
tracks/1/path = NodePath("Camera:transform")
tracks/1/interp = 1
tracks/1/loop_wrap = true
tracks/1/imported = false
tracks/1/enabled = true
tracks/1/keys = {
"times": PoolRealArray( 0, 1.5, 2, 6, 11.5 ),
"transitions": PoolRealArray( 1, 4, 1, -2, 1 ),
"update": 0,
"values": [ Transform( 0.801859, -0.236962, 0.548518, 0, 0.918, 0.39658, -0.597514, -0.318001, 0.736106, 2.9002, 4.24666, 11.7429 ), Transform( 0.801859, -0.236962, 0.548518, 0, 0.918, 0.39658, -0.597514, -0.318001, 0.736106, 2.9002, 4.24666, 11.7429 ), Transform( 0.572705, -0.0610211, 0.817487, 0, 0.997226, 0.0744376, -0.819762, -0.0426307, 0.571116, -15.8231, 6.86196, -7.17565 ), Transform( 0.572705, -0.0610211, 0.817487, 0, 0.997226, 0.0744376, -0.819762, -0.0426307, 0.571116, -15.8231, 6.86196, -7.17565 ), Transform( 0.585426, 0.28073, -0.76057, 0, 0.938135, 0.34627, 0.810726, -0.202715, 0.549209, -1.50055, 6.49377, 6.26403 ) ]
}
tracks/2/type = "value"
tracks/2/path = NodePath("../Ponteiros/PonteiroMeias:transform")
tracks/2/interp = 1
tracks/2/loop_wrap = true
tracks/2/imported = false
tracks/2/enabled = true
tracks/2/keys = {
"times": PoolRealArray( 0, 11.2, 12.5, 14 ),
"transitions": PoolRealArray( -4, -4, -4, 1 ),
"update": 0,
"values": [ Transform( 0.335206, 0, -0.942145, 0, 1, 0, 0.942145, 0, 0.335206, 0, 0, 0 ), Transform( 0.335206, 0, -0.942145, 0, 1, 0, 0.942145, 0, 0.335206, 0, 0, 0 ), Transform( -0.708565, 0, -0.705645, 0, 1, 0, 0.705645, 0, -0.708565, 0, 0, 0 ), Transform( 0.173935, 0, -0.984757, 0, 1, 0, 0.984757, 0, 0.173935, 0, 0, 0 ) ]
}
tracks/3/type = "method"
tracks/3/path = NodePath("../UI")
tracks/3/interp = 1
tracks/3/loop_wrap = true
tracks/3/imported = false
tracks/3/enabled = true
tracks/3/keys = {
"times": PoolRealArray( 2.5, 7.5 ),
"transitions": PoolRealArray( 1, 1 ),
"values": [ {
"args": [ "Quero ver você monitorar a cotação das meias roubadas de humanos no mercado ilegal." ],
"method": "set_subtitle"
}, {
"args": [ "Sobreviva ao meu ponteiro medidor da bolsa de valores de meias!" ],
"method": "set_subtitle"
} ]
}
tracks/4/type = "method"
tracks/4/path = NodePath("..")
tracks/4/interp = 1
tracks/4/loop_wrap = true
tracks/4/imported = false
tracks/4/enabled = true
tracks/4/keys = {
"times": PoolRealArray( 14.9 ),
"transitions": PoolRealArray( 1 ),
"values": [ {
"args": [  ],
"method": "on_cutscene_ended"
} ]
}

[node name="Level3" type="Spatial"]

script = ExtResource( 1 )

[node name="UI" parent="." index="0" instance=ExtResource( 2 )]

[node name="PauseUI" parent="." index="1" instance=ExtResource( 3 )]

[node name="Timers" parent="." index="2" instance=ExtResource( 4 )]

[node name="Cutscene" type="Node" parent="." index="3"]

editor/display_folded = true

[node name="CutsceneAnim" type="AnimationPlayer" parent="Cutscene" index="0"]

root_node = NodePath("..")
autoplay = ""
playback_process_mode = 1
playback_default_blend_time = 0.0
playback_speed = 1.0
anims/Cutscene = SubResource( 1 )
blend_times = [  ]

[node name="Camera" type="Camera" parent="Cutscene" index="1"]

transform = Transform( 0.801858, -0.236962, 0.548518, -7.45058e-09, 0.918, 0.396579, -0.597514, -0.318001, 0.736106, 2.9002, 4.24666, 11.7429 )
keep_aspect = 1
cull_mask = 1048575
environment = null
h_offset = 0.0
v_offset = 0.0
doppler_tracking = 0
projection = 0
current = false
fov = 70.0
size = 1.0
near = 0.05
far = 100.0
_sections_unfolded = [ "Transform" ]

[node name="Ambient" parent="." index="4" instance=ExtResource( 5 )]

[node name="BasePivot" parent="." index="5" instance=ExtResource( 6 )]

[node name="Gnomo" parent="." index="6" instance=ExtResource( 7 )]

transform = Transform( 1, 0, 0, 0, 0.000345306, -1, 0, 1, 0.000345306, 22.8394, 5.40734, -0.426873 )

[node name="Gnomo2" parent="." index="7" instance=ExtResource( 7 )]

transform = Transform( 1, 0, 0, 0, 0.000345306, -1, 0, 1, 0.000345306, -19.1771, 5.9601, -8.94316 )

[node name="Gugu" parent="." index="8" instance=ExtResource( 8 )]

transform = Transform( 1, 0, 0, 0, 1, 0, 0, 0, 1, 0, 0, 9.5 )
_sections_unfolded = [ "Transform" ]

[node name="PlayerSpawn" parent="." index="9" instance=ExtResource( 9 )]

[node name="Ponteiros" type="Spatial" parent="." index="10"]

editor/display_folded = true
transform = Transform( 1, 0, 0, 0, 1, 0, 0, 0, 1, 0, 1, 0 )
_sections_unfolded = [ "Transform" ]

[node name="Ponteiro" parent="Ponteiros" index="0" instance=ExtResource( 10 )]

[node name="PonteiroBussola" parent="Ponteiros" index="1" instance=ExtResource( 11 )]

[node name="PonteiroMinutos" parent="Ponteiros" index="2" instance=ExtResource( 12 )]

[node name="PonteiroMeias" parent="Ponteiros" index="3" instance=ExtResource( 13 )]

transform = Transform( 0.281642, 0, 0.95952, 0, 1, 0, -0.95952, 0, 0.281642, 0, 0, 0 )


