[gd_scene load_steps=2 format=2]

[sub_resource type="Animation" id=1]

resource_name = "Cutscene"
length = 20.0
loop = false
step = 0.1
tracks/0/type = "value"
tracks/0/path = NodePath("../Ponteiros/Ponteiro:transform")
tracks/0/interp = 1
tracks/0/loop_wrap = true
tracks/0/imported = false
tracks/0/enabled = true
tracks/0/keys = {
"times": PoolRealArray( 0 ),
"transitions": PoolRealArray( 1 ),
"update": 0,
"values": [ Transform( -0.466956, 0, 0.884281, 0, 1, 0, -0.884281, 0, -0.466956, 0, 0, 0 ) ]
}
tracks/1/type = "value"
tracks/1/path = NodePath("../Ponteiros/PonteiroMinutos:transform")
tracks/1/interp = 1
tracks/1/loop_wrap = true
tracks/1/imported = false
tracks/1/enabled = true
tracks/1/keys = {
"times": PoolRealArray( 0, 1.5 ),
"transitions": PoolRealArray( 0, 1 ),
"update": 0,
"values": [ Transform( -0.0291238, 0, 0.999576, 0, 1, 0, -0.999576, 0, -0.0291238, 0, 0, 0 ), Transform( 0.0472897, 0, 0.998881, 0, 1, 0, -0.998881, 0, 0.0472897, 0, 0, 0 ) ]
}
tracks/2/type = "method"
tracks/2/path = NodePath("..")
tracks/2/interp = 1
tracks/2/loop_wrap = true
tracks/2/imported = false
tracks/2/enabled = true
tracks/2/keys = {
"times": PoolRealArray( 19.9 ),
"transitions": PoolRealArray( 1 ),
"values": [ {
"args": [  ],
"method": "on_cutscene_ended"
} ]
}
tracks/3/type = "value"
tracks/3/path = NodePath("../GnomoChefe:visible")
tracks/3/interp = 1
tracks/3/loop_wrap = true
tracks/3/imported = false
tracks/3/enabled = true
tracks/3/keys = {
"times": PoolRealArray( 0, 15.7 ),
"transitions": PoolRealArray( 1, 1 ),
"update": 1,
"values": [ true, false ]
}
tracks/4/type = "method"
tracks/4/path = NodePath("Camera")
tracks/4/interp = 1
tracks/4/loop_wrap = true
tracks/4/imported = false
tracks/4/enabled = true
tracks/4/keys = {
"times": PoolRealArray( 0, 19.9 ),
"transitions": PoolRealArray( 1, 1 ),
"values": [ {
"args": [  ],
"method": "make_current"
}, {
"args": [  ],
"method": "clear_current"
} ]
}
tracks/5/type = "value"
tracks/5/path = NodePath("Camera:transform")
tracks/5/interp = 1
tracks/5/loop_wrap = true
tracks/5/imported = false
tracks/5/enabled = true
tracks/5/keys = {
"times": PoolRealArray( 0, 2.9, 3, 5, 7, 8.5 ),
"transitions": PoolRealArray( 1, 0, 0, 0, 0, 0 ),
"update": 0,
"values": [ Transform( 1, 0, 0, 0, -1.62921e-07, 1, 0, -1, -1.62921e-07, 0, 15.3269, 0 ), Transform( 1, 0, 0, 0, -1.62921e-07, 1, 0, -1, -1.62921e-07, 0, 16.8496, 0 ), Transform( -0.689166, -0.319746, 0.650241, 0, 0.897374, 0.44127, -0.724604, 0.304108, -0.61844, 4.19678, 4.71064, 3.65246 ), Transform( 0.917631, -0.264101, 0.296992, 0.113384, 0.890182, 0.44127, -0.380917, -0.371249, 0.846804, 4.19678, 4.71064, -3.41039 ), Transform( -0.547807, -0.314514, 0.775234, -0.0320735, 0.933858, 0.356204, -0.835989, 0.170267, -0.521662, 3.21459, 4.71064, 5.08845 ), Transform( 0.917631, -0.264101, 0.296992, 0.113384, 0.890182, 0.44127, -0.380917, -0.371249, 0.846804, 4.19678, 4.71064, -3.41039 ) ]
}
tracks/6/type = "method"
tracks/6/path = NodePath("../UI/SubtitlesUI")
tracks/6/interp = 1
tracks/6/loop_wrap = true
tracks/6/imported = false
tracks/6/enabled = true
tracks/6/keys = {
"times": PoolRealArray( 0, 3, 5, 7, 8.5, 12.5, 19.9 ),
"transitions": PoolRealArray( 1, 1, 1, 1, 1, 1, 1 ),
"values": [ {
"args": [  ],
"method": "start_subtitles"
}, {
"args": [ "(zzz ... zzz)" ],
"method": "set_subtitle"
}, {
"args": [ "Caramba Gugu! Pare de dormir!" ],
"method": "set_subtitle"
}, {
"args": [ "Foi mal!!!" ],
"method": "set_subtitle"
}, {
"args": [ "O supervisor ficou sugado! Vamos ter que te ensinar uma lição pra ver se tu para de dormir em serviço!" ],
"method": "set_subtitle"
}, {
"args": [ "Faça uns exercícios pulando os ponteiros que você deveria estar monitorando! Você vai precisar usar as teclas A e D para correr e a Barra de Espaço para pular! Boa sorte seu preguiçoso!" ],
"method": "set_subtitle"
}, {
"args": [  ],
"method": "end_subtitles"
} ]
}

[node name="Cutscene" type="Node"]

[node name="Camera" type="Camera" parent="." index="0"]

transform = Transform( -0.689166, -0.319746, 0.650241, 0, 0.897374, 0.44127, -0.724604, 0.304108, -0.61844, 4.19678, 4.71064, 3.65246 )
keep_aspect = 1
cull_mask = 1048575
environment = null
h_offset = 0.0
v_offset = 0.0
doppler_tracking = 0
projection = 0
current = false
fov = 70.0
size = 1.0
near = 0.05
far = 100.0
_sections_unfolded = [ "Transform" ]

[node name="CutsceneAnim" type="AnimationPlayer" parent="." index="1"]

root_node = NodePath("..")
autoplay = ""
playback_process_mode = 1
playback_default_blend_time = 0.0
playback_speed = 1.0
anims/Cutscene = SubResource( 1 )
blend_times = [  ]


